16861.53200000 0.00982178 0.00391343 0.00000000 0.00000000 0.00000000 0.00123175 0.99999924
16864.10700000 0.02612797 0.00791165 0.00000000 0.00000000 0.00000000 -0.07003291 0.99754468
16864.30500000 0.07403200 0.00293763 0.00000000 0.00000000 0.00000000 -0.15937692 0.98721781
16864.40800000 0.09543501 -0.00560966 0.00000000 0.00000000 0.00000000 -0.21091499 0.97750441
16864.50400000 0.12626515 -0.02275456 0.00000000 0.00000000 0.00000000 -0.26255040 0.96491828
16864.60000000 0.15279924 -0.03595498 0.00000000 0.00000000 0.00000000 -0.31986461 0.94746326
16864.70000000 0.18303331 -0.06025330 0.00000000 0.00000000 0.00000000 -0.37241548 0.92806611
16864.79900000 0.20672575 -0.07715115 0.00000000 0.00000000 0.00000000 -0.41954763 0.90773332
16864.89900000 0.23086674 -0.10131688 0.00000000 0.00000000 0.00000000 -0.46501377 0.88530345
16864.99900000 0.24769541 -0.13973955 0.00000000 0.00000000 0.00000000 -0.50356389 0.86395799
16865.19500000 0.28450990 -0.20375658 0.00000000 0.00000000 0.00000000 -0.56251191 0.82678918
16865.39500000 0.31192240 -0.28463025 0.00000000 0.00000000 0.00000000 -0.61041836 0.79207918
16865.59400000 0.33423424 -0.36979445 0.00000000 0.00000000 0.00000000 -0.65377290 0.75669082
16865.79000000 0.34550478 -0.47376082 0.00000000 0.00000000 0.00000000 -0.68813018 0.72558725
16866.18900000 0.34665830 -0.70069734 0.00000000 0.00000000 0.00000000 -0.71875228 0.69526626
16866.58500000 0.33801214 -0.92299222 0.00000000 0.00000000 0.00000000 -0.71217693 0.70200002
16866.98300000 0.34051621 -1.13796285 0.00000000 0.00000000 0.00000000 -0.70105202 0.71311013
16867.37800000 0.34216591 -1.35369239 0.00000000 0.00000000 0.00000000 -0.70432830 0.70987439
16867.77400000 0.34205983 -1.57222143 0.00000000 0.00000000 0.00000000 -0.71470935 0.69942158
16868.17200000 0.33388091 -1.77905770 0.00000000 0.00000000 0.00000000 -0.71709790 0.69697246
16868.56700000 0.32900708 -1.98212536 0.00000000 0.00000000 0.00000000 -0.72422724 0.68956138
16869.06100000 0.30878217 -2.17151174 0.00000000 0.00000000 0.00000000 -0.75902408 0.65106256
16869.26000000 0.30293939 -2.22666857 0.00000000 0.00000000 0.00000000 -0.79019914 0.61285016
16869.45900000 0.28639268 -2.26950103 0.00000000 0.00000000 0.00000000 -0.82705140 0.56212630
16869.65500000 0.27692106 -2.30761118 0.00000000 0.00000000 0.00000000 -0.86830131 0.49603713
16869.85400000 0.25361298 -2.33741358 0.00000000 0.00000000 0.00000000 -0.90850674 0.41787019
16869.95400000 0.24176581 -2.35277994 0.00000000 0.00000000 0.00000000 -0.92585676 0.37787466
16870.15000000 0.21931167 -2.36886036 0.00000000 0.00000000 0.00000000 -0.95432853 0.29875920
16870.25000000 0.20491722 -2.37500798 0.00000000 0.00000000 0.00000000 -0.96664393 0.25612402
16870.44900000 0.18709951 -2.38413247 0.00000000 0.00000000 0.00000000 -0.98368896 0.17987783
16870.64800000 0.17988233 -2.39124144 0.00000000 0.00000000 0.00000000 -0.99464392 0.10336090
16870.84500000 0.16971245 -2.39817293 0.00000000 0.00000000 0.00000000 -0.99968266 0.02519067
16871.04400000 0.15552663 -2.39815818 0.00000000 0.00000000 0.00000000 0.99847730 0.05516416
16871.24300000 0.13880835 -2.39476765 0.00000000 0.00000000 0.00000000 0.98947241 0.14472166
16871.34000000 0.13113136 -2.38946613 0.00000000 0.00000000 0.00000000 0.98210118 0.18835411
16871.44000000 0.12046219 -2.38731181 0.00000000 0.00000000 0.00000000 0.97176328 0.23595791
16871.54000000 0.11152392 -2.38256140 0.00000000 0.00000000 0.00000000 0.95925537 0.28254049
16871.63900000 0.10743226 -2.37674322 0.00000000 0.00000000 0.00000000 0.94571483 0.32499763
16871.83900000 0.09041276 -2.36457377 0.00000000 0.00000000 0.00000000 0.92010262 0.39167738
16872.03600000 0.07431134 -2.35113105 0.00000000 0.00000000 0.00000000 0.89787932 0.44024167
16872.23500000 0.06253005 -2.33589807 0.00000000 0.00000000 0.00000000 0.87710752 0.48029408
16872.43400000 0.05554768 -2.31670243 0.00000000 0.00000000 0.00000000 0.85526853 0.51818504
16872.63000000 0.04205867 -2.30060424 0.00000000 0.00000000 0.00000000 0.83109668 0.55612797
16872.83000000 0.03731458 -2.27433406 0.00000000 0.00000000 0.00000000 0.80549486 0.59260276
16873.12800000 0.02792588 -2.23862941 0.00000000 0.00000000 0.00000000 0.77482136 0.63218024
16879.06900000 0.01913790 -2.15133369 0.00000000 0.00000000 0.00000000 0.73802118 0.67477754
16879.56400000 0.01907686 -1.93216808 0.00000000 0.00000000 0.00000000 0.70711745 0.70709611
16879.96200000 0.01748751 -1.70310671 0.00000000 0.00000000 0.00000000 0.69505352 0.71895800
16880.35700000 0.02702888 -1.43837951 0.00000000 0.00000000 0.00000000 0.68228680 0.73108462
16880.65300000 0.05063834 -1.21963517 0.00000000 0.00000000 0.00000000 0.67183229 0.74070330
16880.95100000 0.07578479 -0.99334428 0.00000000 0.00000000 0.00000000 0.67189538 0.74064607
16881.24700000 0.09442871 -0.76415850 0.00000000 0.00000000 0.00000000 0.67859030 0.73451698
16881.54600000 0.11441641 -0.53662393 0.00000000 0.00000000 0.00000000 0.68463400 0.72888702
16881.84100000 0.12619348 -0.31528290 0.00000000 0.00000000 0.00000000 0.68827669 0.72544827
16882.14000000 0.13873458 -0.09924563 0.00000000 0.00000000 0.00000000 0.69266329 0.72126110
16882.43900000 0.14759480 0.10802390 0.00000000 0.00000000 0.00000000 0.69744740 0.71663598
16882.83500000 0.15722420 0.36573191 0.00000000 0.00000000 0.00000000 0.70281003 0.71137758
16883.13100000 0.15887795 0.56914515 0.00000000 0.00000000 0.00000000 0.70624617 0.70796635
16883.53000000 0.15827446 0.82966632 0.00000000 0.00000000 0.00000000 0.71401299 0.70013245
16883.82500000 0.15619697 1.03018662 0.00000000 0.00000000 0.00000000 0.71659483 0.69748968
16884.22400000 0.14945368 1.27792053 0.00000000 0.00000000 0.00000000 0.71277882 0.70138888
16884.61900000 0.14890201 1.51557146 0.00000000 0.00000000 0.00000000 0.70782614 0.70638669
16885.01400000 0.15365512 1.75443076 0.00000000 0.00000000 0.00000000 0.70468413 0.70952116
16885.41300000 0.15456770 1.99604485 0.00000000 0.00000000 0.00000000 0.69510422 0.71890899
16885.80800000 0.17019698 2.24929857 0.00000000 0.00000000 0.00000000 0.68143312 0.73188039
16886.20400000 0.19283565 2.48773183 0.00000000 0.00000000 0.00000000 0.68264435 0.73075077
16886.60200000 0.20759904 2.71177214 0.00000000 0.00000000 0.00000000 0.70384841 0.71035021
16886.99800000 0.20214999 2.90027872 0.00000000 0.00000000 0.00000000 0.74409398 0.66807496
16887.29700000 0.18140576 3.03393945 0.00000000 0.00000000 0.00000000 0.78602298 0.61819728
16887.49400000 0.16267741 3.10403916 0.00000000 0.00000000 0.00000000 0.82209836 0.56934549
16887.69400000 0.13964546 3.16475492 0.00000000 0.00000000 0.00000000 0.86028073 0.50982063
16887.89300000 0.10713602 3.21090034 0.00000000 0.00000000 0.00000000 0.89603899 0.44397537
16888.08900000 0.07346221 3.24742207 0.00000000 0.00000000 0.00000000 0.92791686 0.37278720
16888.28900000 0.04158328 3.28240614 0.00000000 0.00000000 0.00000000 0.95612316 0.29296502
16888.38800000 0.02133921 3.29690240 0.00000000 0.00000000 0.00000000 0.96819346 0.25020275
16888.48800000 0.00065051 3.30522509 0.00000000 0.00000000 0.00000000 0.97863671 0.20559717
16888.68400000 -0.04641294 3.32254513 0.00000000 0.00000000 0.00000000 0.99248409 0.12237370
16888.78400000 -0.06793402 3.32754254 0.00000000 0.00000000 0.00000000 0.99715283 0.07540712
16888.88300000 -0.09840145 3.33226380 0.00000000 0.00000000 0.00000000 0.99958680 0.02874423
16888.98200000 -0.12624629 3.33549804 0.00000000 0.00000000 0.00000000 -0.99982998 0.01843947
16889.08200000 -0.15362607 3.33096538 0.00000000 0.00000000 0.00000000 -0.99782754 0.06588014
16889.18200000 -0.18702737 3.32526391 0.00000000 0.00000000 0.00000000 -0.99355032 0.11339207
16889.27800000 -0.22398337 3.31806334 0.00000000 0.00000000 0.00000000 -0.98724614 0.15920129
16889.37800000 -0.25254888 3.31177321 0.00000000 0.00000000 0.00000000 -0.97859130 0.20581321
16889.47800000 -0.28094685 3.29296038 0.00000000 0.00000000 0.00000000 -0.96754451 0.25270065
16889.57800000 -0.31467846 3.27525183 0.00000000 0.00000000 0.00000000 -0.95507051 0.29637868
16889.67700000 -0.34003905 3.25470095 0.00000000 0.00000000 0.00000000 -0.94103644 0.33830521
16889.87300000 -0.39444594 3.20444667 0.00000000 0.00000000 0.00000000 -0.91091179 0.41260115
16890.07100000 -0.44614504 3.14477718 0.00000000 0.00000000 0.00000000 -0.88079401 0.47349965
16890.27000000 -0.48908632 3.08068097 0.00000000 0.00000000 0.00000000 -0.85267068 0.52244876
16890.46700000 -0.52793296 3.00056259 0.00000000 0.00000000 0.00000000 -0.82564919 0.56418385
16890.66500000 -0.55760676 2.92718452 0.00000000 0.00000000 0.00000000 -0.79924288 0.60100817
16890.96400000 -0.58173764 2.79037659 0.00000000 0.00000000 0.00000000 -0.76643792 0.64231839
16891.36200000 -0.60915813 2.59590685 0.00000000 0.00000000 0.00000000 -0.73516300 0.67789038
16891.75700000 -0.62246735 2.38386685 0.00000000 0.00000000 0.00000000 -0.71142605 0.70276097
16892.15200000 -0.61949535 2.13776058 0.00000000 0.00000000 0.00000000 -0.69311054 0.72083131
16892.44800000 -0.60790165 1.93755346 0.00000000 0.00000000 0.00000000 -0.67632821 0.73660040
16892.84600000 -0.58068041 1.69423517 0.00000000 0.00000000 0.00000000 -0.65180038 0.75839058
16893.24100000 -0.54816845 1.48076434 0.00000000 0.00000000 0.00000000 -0.63504900 0.77247186
16893.83500000 -0.50066071 1.27637055 0.00000000 0.00000000 0.00000000 -0.61322467 0.78990854
16895.61800000 -0.43984951 1.06113351 0.00000000 0.00000000 0.00000000 -0.63045965 0.77622203
16896.01600000 -0.40766416 0.85186811 0.00000000 0.00000000 0.00000000 -0.66705120 0.74501187
16896.41100000 -0.38663453 0.58499748 0.00000000 0.00000000 0.00000000 -0.67489608 0.73791279
16896.70700000 -0.36879786 0.36741742 0.00000000 0.00000000 0.00000000 -0.67742722 0.73558981
16897.00700000 -0.35357522 0.15029868 0.00000000 0.00000000 0.00000000 -0.68059699 0.73265800
16897.30100000 -0.33714526 -0.06405249 0.00000000 0.00000000 0.00000000 -0.68472801 0.72879870
16897.60000000 -0.32566020 -0.28282109 0.00000000 0.00000000 0.00000000 -0.69660352 0.71745630
16897.89500000 -0.32560595 -0.48973594 0.00000000 0.00000000 0.00000000 -0.71392356 0.70022364
16898.19400000 -0.33283392 -0.70688467 0.00000000 0.00000000 0.00000000 -0.73260166 0.68065763
16898.48900000 -0.35058127 -0.94808173 0.00000000 0.00000000 0.00000000 -0.75440212 0.65641256
16898.78800000 -0.39278865 -1.17893883 0.00000000 0.00000000 0.00000000 -0.78034443 0.62534996
16899.08600000 -0.45405954 -1.40864712 0.00000000 0.00000000 0.00000000 -0.81244975 0.58303122
16899.38500000 -0.54447759 -1.63240251 0.00000000 0.00000000 0.00000000 -0.84346970 0.53717675
16899.68200000 -0.66288108 -1.85360180 0.00000000 0.00000000 0.00000000 -0.87278070 0.48811254
16899.87900000 -0.75568881 -1.99214257 0.00000000 0.00000000 0.00000000 -0.89592631 0.44420272
16900.07900000 -0.84927354 -2.11183912 0.00000000 0.00000000 0.00000000 -0.91782078 0.39699497
16900.27700000 -0.94903937 -2.20236294 0.00000000 0.00000000 0.00000000 -0.93749622 0.34799545
16900.47300000 -1.05557809 -2.28513070 0.00000000 0.00000000 0.00000000 -0.95637367 0.29214619
16900.67200000 -1.16939427 -2.34578931 0.00000000 0.00000000 0.00000000 -0.97144520 0.23726404
16900.87200000 -1.27515072 -2.39762849 0.00000000 0.00000000 0.00000000 -0.98168012 0.19053645
16901.16800000 -1.42904312 -2.45213952 0.00000000 0.00000000 0.00000000 -0.99114634 0.13277396
16901.46700000 -1.58157404 -2.48416085 0.00000000 0.00000000 0.00000000 -0.99701147 0.07725364
16901.86200000 -1.74911172 -2.50835840 0.00000000 0.00000000 0.00000000 -0.99968680 0.02502596
16910.38600000 -1.95015696 -2.50832420 0.00000000 0.00000000 0.00000000 0.99989738 0.01432591
16910.78500000 -2.09071557 -2.50177976 0.00000000 0.00000000 0.00000000 0.99744086 0.07149631
16910.98100000 -2.18584239 -2.48657375 0.00000000 0.00000000 0.00000000 0.99095062 0.13422693
16911.17900000 -2.26879244 -2.46154768 0.00000000 0.00000000 0.00000000 0.97545137 0.22021494
16911.27800000 -2.30930703 -2.44076925 0.00000000 0.00000000 0.00000000 0.96422461 0.26508658
16911.37800000 -2.34953284 -2.41239383 0.00000000 0.00000000 0.00000000 0.95141433 0.30791358
16911.57400000 -2.41659888 -2.35475172 0.00000000 0.00000000 0.00000000 0.92337563 0.38389771
16911.77300000 -2.47800425 -2.28162455 0.00000000 0.00000000 0.00000000 0.89577025 0.44451733
16911.97300000 -2.54123208 -2.19141261 0.00000000 0.00000000 0.00000000 0.87095434 0.49136396
16912.16900000 -2.60317675 -2.08107516 0.00000000 0.00000000 0.00000000 0.84634754 0.53263105
16912.36800000 -2.65993462 -1.95418618 0.00000000 0.00000000 0.00000000 0.82102707 0.57088926
16912.56700000 -2.70069031 -1.82019994 0.00000000 0.00000000 0.00000000 0.79528418 0.60623681
16912.86200000 -2.74731409 -1.60754020 0.00000000 0.00000000 0.00000000 0.76153864 0.64811952
16913.16200000 -2.77765044 -1.38798336 0.00000000 0.00000000 0.00000000 0.73703009 0.67585993
16913.45700000 -2.78595416 -1.16302444 0.00000000 0.00000000 0.00000000 0.72064886 0.69330024
16913.75600000 -2.79016244 -0.94056483 0.00000000 0.00000000 0.00000000 0.71092726 0.70326555
16914.05200000 -2.78969513 -0.71138947 0.00000000 0.00000000 0.00000000 0.71001021 0.70419138
16914.35000000 -2.78635226 -0.48203586 0.00000000 0.00000000 0.00000000 0.70919654 0.70501083
16914.64600000 -2.78419762 -0.24700394 0.00000000 0.00000000 0.00000000 0.70738277 0.70683068
16914.94600000 -2.78654775 0.00360080 0.00000000 0.00000000 0.00000000 0.70827759 0.70593403
16915.24200000 -2.78742620 0.25958945 0.00000000 0.00000000 0.00000000 0.71080290 0.70339124
16915.54000000 -2.78635688 0.51332895 0.00000000 0.00000000 0.00000000 0.71399839 0.70014734
16915.83700000 -2.79120986 0.75553121 0.00000000 0.00000000 0.00000000 0.71897443 0.69503652
16916.13500000 -2.79954742 0.99108874 0.00000000 0.00000000 0.00000000 0.72942856 0.68405699
16916.43000000 -2.81691978 1.23274327 0.00000000 0.00000000 0.00000000 0.74291854 0.66938184
16916.73000000 -2.84100516 1.46886327 0.00000000 0.00000000 0.00000000 0.75763093 0.65268321
16917.02500000 -2.87825067 1.68579697 0.00000000 0.00000000 0.00000000 0.76560633 0.64330937
16917.32400000 -2.90999567 1.89220208 0.00000000 0.00000000 0.00000000 0.77110325 0.63671012
16917.62100000 -2.95007699 2.09843416 0.00000000 0.00000000 0.00000000 0.77185251 0.63580162
16918.02000000 -2.99677328 2.34269677 0.00000000 0.00000000 0.00000000 0.75711186 0.65328526
16918.31300000 -3.01425646 2.51090036 0.00000000 0.00000000 0.00000000 0.72636777 0.68730624
16918.51200000 -3.01168620 2.60073554 0.00000000 0.00000000 0.00000000 0.68625835 0.72735788
16918.71000000 -2.99841307 2.67994355 0.00000000 0.00000000 0.00000000 0.63148769 0.77538590
16918.90600000 -2.98303324 2.76936159 0.00000000 0.00000000 0.00000000 0.56949470 0.82199501
16919.10600000 -2.95092049 2.84421636 0.00000000 0.00000000 0.00000000 0.50776682 0.86149455
16919.30500000 -2.91729893 2.89822173 0.00000000 0.00000000 0.00000000 0.44642172 0.89482269
16919.50100000 -2.88134969 2.93861972 0.00000000 0.00000000 0.00000000 0.38586664 0.92255457
16919.70100000 -2.84953097 2.97494012 0.00000000 0.00000000 0.00000000 0.31694187 0.94844496
16919.90000000 -2.81797647 2.99136114 0.00000000 0.00000000 0.00000000 0.24296913 0.97003402
16920.09600000 -2.79237059 3.00402572 0.00000000 0.00000000 0.00000000 0.15828984 0.98739269
16920.19500000 -2.78655205 3.00557945 0.00000000 0.00000000 0.00000000 0.11062138 0.99386262
16920.29400000 -2.77620988 3.01161184 0.00000000 0.00000000 0.00000000 0.06058889 0.99816281
16920.39400000 -2.76491917 3.00926338 0.00000000 0.00000000 0.00000000 0.00860053 0.99996301
16920.49300000 -2.75284119 3.01238985 0.00000000 0.00000000 0.00000000 -0.04386233 0.99903758
16920.59300000 -2.74481016 3.00783541 0.00000000 0.00000000 0.00000000 -0.09625566 0.99535664
16920.69000000 -2.73071937 3.00881626 0.00000000 0.00000000 0.00000000 -0.14830756 0.98894129
16920.79000000 -2.71799560 3.00757295 0.00000000 0.00000000 0.00000000 -0.19797688 0.98020669
16920.89000000 -2.71233141 2.99923166 0.00000000 0.00000000 0.00000000 -0.24687109 0.96904833
16920.98900000 -2.69781586 2.99219148 0.00000000 0.00000000 0.00000000 -0.29471424 0.95558543
16921.08900000 -2.69023484 2.98722995 0.00000000 0.00000000 0.00000000 -0.33910077 0.94075006
16921.18800000 -2.67842798 2.98025878 0.00000000 0.00000000 0.00000000 -0.38139622 0.92441166
16921.38500000 -2.66739928 2.96451207 0.00000000 0.00000000 0.00000000 -0.45180238 0.89211805
16921.58500000 -2.65172792 2.94386485 0.00000000 0.00000000 0.00000000 -0.50561940 0.86275664
16921.78500000 -2.64063191 2.91377212 0.00000000 0.00000000 0.00000000 -0.54668757 0.83733667
16921.98200000 -2.62701300 2.87541932 0.00000000 0.00000000 0.00000000 -0.59069230 0.80689690
16922.18100000 -2.61232275 2.83070288 0.00000000 0.00000000 0.00000000 -0.63462083 0.77282365
16922.38000000 -2.59612487 2.76010725 0.00000000 0.00000000 0.00000000 -0.67456030 0.73821975
16922.87700000 -2.58588705 2.53577419 0.00000000 0.00000000 0.00000000 -0.70204991 0.71212775
16923.27300000 -2.58759237 2.28841537 0.00000000 0.00000000 0.00000000 -0.69902698 0.71509530
16923.67100000 -2.58056202 2.03244290 0.00000000 0.00000000 0.00000000 -0.70225087 0.71192957
16923.96700000 -2.58437077 1.82135405 0.00000000 0.00000000 0.00000000 -0.70490152 0.70930519
16924.26500000 -2.58937499 1.60489794 0.00000000 0.00000000 0.00000000 -0.71111256 0.70307818
16924.66100000 -2.59809310 1.35257125 0.00000000 0.00000000 0.00000000 -0.72187366 0.69202487
16924.95900000 -2.61170209 1.13741968 0.00000000 0.00000000 0.00000000 -0.72688327 0.68676103
16925.25500000 -2.62637411 0.92065151 0.00000000 0.00000000 0.00000000 -0.72747417 0.68613507
16925.55300000 -2.63754249 0.69492201 0.00000000 0.00000000 0.00000000 -0.72668339 0.68697253
16925.84900000 -2.65858727 0.46617209 0.00000000 0.00000000 0.00000000 -0.72976696 0.68369597
16926.14700000 -2.66777829 0.25384569 0.00000000 0.00000000 0.00000000 -0.73418447 0.67895005
16926.44300000 -2.68991536 0.03205157 0.00000000 0.00000000 0.00000000 -0.73645568 0.67648580
16926.74200000 -2.70986528 -0.18650912 0.00000000 0.00000000 0.00000000 -0.73389671 0.67926109
16927.03800000 -2.72592851 -0.40005302 0.00000000 0.00000000 0.00000000 -0.72961985 0.68385296
16927.33700000 -2.73878865 -0.60374958 0.00000000 0.00000000 0.00000000 -0.72855194 0.68499057
16927.63300000 -2.75403879 -0.80597606 0.00000000 0.00000000 0.00000000 -0.72735961 0.68625651
16927.93200000 -2.76606874 -1.01045784 0.00000000 0.00000000 0.00000000 -0.73231873 0.68096203
16928.22900000 -2.78539483 -1.21446652 0.00000000 0.00000000 0.00000000 -0.73880765 0.67391636
16928.62500000 -2.81279140 -1.47378017 0.00000000 0.00000000 0.00000000 -0.74385546 0.66834053
16929.02100000 -2.84022248 -1.73253337 0.00000000 0.00000000 0.00000000 -0.74566560 0.66632035
16929.41600000 -2.86905354 -1.97203423 0.00000000 0.00000000 0.00000000 -0.75164174 0.65957159
16929.81500000 -2.90130581 -2.17963725 0.00000000 0.00000000 0.00000000 -0.77068394 0.63721760
16930.11000000 -2.93583803 -2.30388755 0.00000000 0.00000000 0.00000000 -0.80166415 0.59777470
16930.30900000 -2.95703757 -2.36653711 0.00000000 0.00000000 0.00000000 -0.82784935 0.56095050
16930.50800000 -2.98782701 -2.43256665 0.00000000 0.00000000 0.00000000 -0.86073089 0.50906025
16930.70400000 -3.01067170 -2.47207838 0.00000000 0.00000000 0.00000000 -0.90166907 0.43242673
16930.80300000 -3.02564507 -2.48853318 0.00000000 0.00000000 0.00000000 -0.92136551 0.38869730
16930.90300000 -3.03703260 -2.50431372 0.00000000 0.00000000 0.00000000 -0.93920042 0.34336945
16931.00200000 -3.05459515 -2.51966880 0.00000000 0.00000000 0.00000000 -0.95456645 0.29799813
16931.10200000 -3.06626962 -2.53015009 0.00000000 0.00000000 0.00000000 -0.96796340 0.25109134
16931.19900000 -3.07820219 -2.54017296 0.00000000 0.00000000 0.00000000 -0.97804198 0.20840796
16931.39800000 -3.10268626 -2.54936781 0.00000000 0.00000000 0.00000000 -0.99259226 0.12149327
16931.49700000 -3.10949474 -2.55002994 0.00000000 0.00000000 0.00000000 -0.99719559 0.07483956
16931.59700000 -3.11912476 -2.55172284 0.00000000 0.00000000 0.00000000 -0.99968074 0.02526700
16931.69700000 -3.12937425 -2.55136953 0.00000000 0.00000000 0.00000000 0.99966564 0.02585753
16931.79400000 -3.13588113 -2.54940488 0.00000000 0.00000000 0.00000000 0.99710135 0.07608484
16931.89400000 -3.14451724 -2.55022411 0.00000000 0.00000000 0.00000000 0.99131114 0.13153791
16931.99300000 -3.15406320 -2.54949965 0.00000000 0.00000000 0.00000000 0.98269189 0.18524751
16932.09200000 -3.15392806 -2.54580006 0.00000000 0.00000000 0.00000000 0.97188569 0.23545318
16932.19200000 -3.16115901 -2.54064029 0.00000000 0.00000000 0.00000000 0.95951449 0.28165928
16932.29200000 -3.16676377 -2.54061372 0.00000000 0.00000000 0.00000000 0.94555649 0.32545802
16932.48800000 -3.16980473 -2.53736896 0.00000000 0.00000000 0.00000000 0.91524797 0.40289099
16932.68800000 -3.17763890 -2.53167854 0.00000000 0.00000000 0.00000000 0.88127352 0.47260658
16932.88700000 -3.18039312 -2.52405058 0.00000000 0.00000000 0.00000000 0.84777753 0.53035202
16933.08400000 -3.18158450 -2.51406098 0.00000000 0.00000000 0.00000000 0.81897240 0.57383291
16933.48300000 -3.19425146 -2.47628381 0.00000000 0.00000000 0.00000000 0.79048079 0.61248683
16934.57300000 -3.24546417 -2.27761282 0.00000000 0.00000000 0.00000000 0.79376943 0.60821878
16940.12000000 -3.26481190 -2.22381860 0.00000000 0.00000000 0.00000000 0.74922752 0.66231271
16940.22000000 -3.26474267 -2.20564573 0.00000000 0.00000000 0.00000000 0.71765974 0.69639393
16940.31900000 -3.26338685 -2.18621887 0.00000000 0.00000000 0.00000000 0.67919482 0.73395804
16940.41800000 -3.25997122 -2.15260182 0.00000000 0.00000000 0.00000000 0.63145773 0.77541030
16940.51500000 -3.24653758 -2.11866415 0.00000000 0.00000000 0.00000000 0.58020458 0.81447077
16940.61400000 -3.23271392 -2.08285936 0.00000000 0.00000000 0.00000000 0.52681486 0.84998006
16940.71400000 -3.20970759 -2.04115415 0.00000000 0.00000000 0.00000000 0.47361954 0.88072954
16940.81300000 -3.18305885 -2.00121853 0.00000000 0.00000000 0.00000000 0.42175099 0.90671170
16940.91300000 -3.14732610 -1.96309594 0.00000000 0.00000000 0.00000000 0.37312106 0.92778266
16941.01300000 -3.09802536 -1.92089993 0.00000000 0.00000000 0.00000000 0.32760447 0.94481496
16941.11000000 -3.05036878 -1.88677028 0.00000000 0.00000000 0.00000000 0.28580947 0.95828646
16941.31000000 -2.93078255 -1.82616525 0.00000000 0.00000000 0.00000000 0.20876587 0.97796565
16941.50800000 -2.78738057 -1.77850685 0.00000000 0.00000000 0.00000000 0.13079184 0.99140985
16941.70500000 -2.63017243 -1.74789724 0.00000000 0.00000000 0.00000000 0.05123982 0.99868638
16941.90500000 -2.46071661 -1.74305224 0.00000000 0.00000000 0.00000000 -0.01822888 0.99983384
16942.10400000 -2.28826538 -1.75101736 0.00000000 0.00000000 0.00000000 -0.06769630 0.99770597
16942.40000000 -2.03362688 -1.80476843 0.00000000 0.00000000 0.00000000 -0.10406437 0.99457056
16942.70000000 -1.77819608 -1.85848147 0.00000000 0.00000000 0.00000000 -0.10499743 0.99447249
16942.99800000 -1.52607041 -1.91504865 0.00000000 0.00000000 0.00000000 -0.07429884 0.99723602
16943.19700000 -1.35919457 -1.93402313 0.00000000 0.00000000 0.00000000 -0.00735513 0.99997295
16943.29700000 -1.27218299 -1.93402906 0.00000000 0.00000000 0.00000000 0.04093855 0.99916167
16943.39700000 -1.18839986 -1.92242925 0.00000000 0.00000000 0.00000000 0.09686390 0.99529764
16943.49700000 -1.10680695 -1.90286314 0.00000000 0.00000000 0.00000000 0.15844031 0.98736856
16943.59400000 -1.02372342 -1.87259155 0.00000000 0.00000000 0.00000000 0.22507546 0.97434133
16943.69400000 -0.94615491 -1.83146927 0.00000000 0.00000000 0.00000000 0.28270949 0.95920558
16943.79300000 -0.87813376 -1.78835252 0.00000000 0.00000000 0.00000000 0.33791397 0.94117700
16943.89200000 -0.81011293 -1.72633718 0.00000000 0.00000000 0.00000000 0.38661466 0.92224135
16943.99200000 -0.74998520 -1.66599226 0.00000000 0.00000000 0.00000000 0.43094236 0.90237945
16944.09200000 -0.69514040 -1.60097032 0.00000000 0.00000000 0.00000000 0.47157694 0.88182492
16944.28700000 -0.60908455 -1.45979929 0.00000000 0.00000000 0.00000000 0.53972644 0.84184046
16944.48800000 -0.54831133 -1.30853607 0.00000000 0.00000000 0.00000000 0.59513063 0.80362898
16944.68500000 -0.50182379 -1.14185741 0.00000000 0.00000000 0.00000000 0.63902085 0.76918941
16944.88100000 -0.47397069 -0.97591656 0.00000000 0.00000000 0.00000000 0.67274307 0.73987618
16945.17900000 -0.45512891 -0.71416652 0.00000000 0.00000000 0.00000000 0.69205558 0.72184422
16945.47400000 -0.43978848 -0.45340251 0.00000000 0.00000000 0.00000000 0.66584153 0.74609319
16945.67200000 -0.41774552 -0.29840462 0.00000000 0.00000000 0.00000000 0.61544739 0.78817797
16945.77200000 -0.39621634 -0.23143420 0.00000000 0.00000000 0.00000000 0.57614386 0.81734831
16945.87100000 -0.37156419 -0.17100498 0.00000000 0.00000000 0.00000000 0.52883092 0.84872720
16945.97000000 -0.34647652 -0.12326642 0.00000000 0.00000000 0.00000000 0.47810391 0.87830328
16946.06700000 -0.31415640 -0.08427101 0.00000000 0.00000000 0.00000000 0.42770110 0.90392022
16946.16700000 -0.28403486 -0.04643500 0.00000000 0.00000000 0.00000000 0.37882204 0.92546954
16946.26700000 -0.24680984 -0.00901301 0.00000000 0.00000000 0.00000000 0.33329236 0.94282353
16946.36600000 -0.20242488 0.00647786 0.00000000 0.00000000 0.00000000 0.29152481 0.95656327
16946.56500000 -0.13567581 0.06760776 0.00000000 0.00000000 0.00000000 0.21138030 0.97740389
16946.76100000 -0.05958943 0.09266188 0.00000000 0.00000000 0.00000000 0.13285840 0.99113503
16946.96000000 0.00340153 0.11104925 0.00000000 0.00000000 0.00000000 0.05802594 0.99831508
16947.16000000 0.05372644 0.10803745 0.00000000 0.00000000 0.00000000 0.00824244 0.99996603

